0.0 0
0.02 3.07487987013e-09
0.04 4.58718172561e-09
0.06 6.84327097539e-09
0.08 1.02089606194e-08
0.1 1.52299795128e-08
0.12 2.27204594115e-08
0.14 3.38949421131e-08
0.16 5.05653109265e-08
0.18 7.54345778081e-08
0.2 1.12535162055e-07
0.22 1.67882724815e-07
0.24 2.50451574507e-07
0.26 3.73629798389e-07
0.28 5.57390058586e-07
0.3 8.31528027664e-07
0.32 1.24049354113e-06
0.34 1.85059777286e-06
0.36 2.76076495019e-06
0.38 4.11857174483e-06
0.4 6.14417460221e-06
0.42 9.16600371985e-06
0.44 1.36740090846e-05
0.46 2.03990872799e-05
0.48 3.04315569006e-05
0.5 4.53978687024e-05
0.52 6.77241496198e-05
0.54 0.000101029193908
0.56 0.00015071035806
0.58 0.000224816770233
0.6 0.000335350130466
0.62 0.00050020110708
0.64 0.000746028833837
0.66 0.00111253603286
0.68 0.00165880108017
0.7 0.00247262315663
0.72 0.00368423989944
0.74 0.00548629889945
0.76 0.00816257115316
0.78 0.0121284349843
0.8 0.0179862099621
0.82 0.0265969935769
0.84 0.0391657227968
0.86 0.0573241758989
0.88 0.0831726964939
0.9 0.119202922022
0.92 0.167981614866
0.94 0.231475216501
0.96 0.310025518872
0.98 0.401312339888
1.0 0.5
1.02 0.598687660112
1.04 0.689974481128
1.06 0.768524783499
1.08 0.832018385134
1.1 0.880797077978
1.12 0.916827303506
1.14 0.942675824101
1.16 0.960834277203
1.18 0.973403006423
1.2 0.982013790038
1.22 0.987871565016
1.24 0.991837428847
1.26 0.994513701101
1.28 0.996315760101
1.3 0.997527376843
1.32 0.99834119892
1.34 0.998887463967
1.36 0.999253971166
1.38 0.999499798893
1.4 0.99966464987
1.42 0.99977518323
1.44 0.999849289642
1.46 0.999898970806
1.48 0.99993227585
1.5 0.999954602131
1.52 0.999969568443
1.54 0.999979600913
1.56 0.999986325991
1.58 0.999990833996
1.6 0.999993855825
1.62 0.999995881428
1.64 0.999997239235
1.66 0.999998149402
1.68 0.999998759506
1.7 0.999999168472
1.72 0.99999944261
1.74 0.99999962637
1.76 0.999999749548
1.78 0.999999832117
1.8 0.999999887465
1.82 0.999999924565
1.84 0.999999949435
1.86 0.999999966105
1.88 0.99999997728
1.9 0.99999998477
1.92 0.999999989791
1.94 0.999999993157
1.96 0.999999995413
1.98 0.999999996925
2.0 1.0
4.0 1.0
