0.0 0.00669285092428
0.02 0.00739154134428
0.04 0.00816257115316
0.06 0.00901329865285
0.08 0.0099518018669
0.1 0.0109869426306
0.12 0.0121284349843
0.14 0.0133869178277
0.16 0.0147740316933
0.18 0.0163024993714
0.2 0.0179862099621
0.22 0.0198403057341
0.24 0.0218812709361
0.26 0.0241270214177
0.28 0.0265969935769
0.3 0.0293122307514
0.32 0.0322954646985
0.34 0.0355711892726
0.36 0.0391657227968
0.38 0.0431072549411
0.4 0.0474258731776
0.42 0.0521535630784
0.44 0.0573241758989
0.46 0.062973356057
0.48 0.0691384203433
0.5 0.0758581800212
0.52 0.0831726964939
0.54 0.0911229610149
0.56 0.0997504891197
0.58 0.109096821196
0.6 0.119202922022
0.62 0.130108474363
0.64 0.1418510649
0.66 0.154465265084
0.68 0.167981614866
0.7 0.182425523806
0.72 0.197816111441
0.74 0.214165016957
0.76 0.231475216501
0.78 0.249739894405
0.8 0.26894142137
0.82 0.289050497375
0.84 0.310025518872
0.86 0.331812227832
0.88 0.354343693774
0.9 0.377540668798
0.92 0.401312339888
0.94 0.425557483188
0.96 0.450166002688
0.98 0.475020812521
1.0 0.5
1.02 0.524979187479
1.04 0.549833997312
1.06 0.574442516812
1.08 0.598687660112
1.1 0.622459331202
1.12 0.645656306226
1.14 0.668187772168
1.16 0.689974481128
1.18 0.710949502625
1.2 0.73105857863
1.22 0.750260105595
1.24 0.768524783499
1.26 0.785834983043
1.28 0.802183888559
1.3 0.817574476194
1.32 0.832018385134
1.34 0.845534734916
1.36 0.8581489351
1.38 0.869891525637
1.4 0.880797077978
1.42 0.890903178804
1.44 0.90024951088
1.46 0.908877038985
1.48 0.916827303506
1.5 0.924141819979
1.52 0.930861579657
1.54 0.937026643943
1.56 0.942675824101
1.58 0.947846436922
1.6 0.952574126822
1.62 0.956892745059
1.64 0.960834277203
1.66 0.964428810727
1.68 0.967704535302
1.7 0.970687769249
1.72 0.973403006423
1.74 0.975872978582
1.76 0.978118729064
1.78 0.980159694266
1.8 0.982013790038
1.82 0.983697500629
1.84 0.985225968307
1.86 0.986613082172
1.88 0.987871565016
1.9 0.989013057369
1.92 0.990048198133
1.94 0.990986701347
1.96 0.991837428847
1.98 0.992608458656
2.0 0.993307149076
